1167
2
281,324,401,425,49,565,509,26,107,186,393
314,300,141,474,92,481,222,228,68,351,360
1,1,2,2,2,2,1,2,2,1,1
1140
2
428,179,203,509,63,69,330,210,432,415,275,1,364,292,283,311,532,186,248,389,297,60,338,207
64,468,294,87,402,95,423,388,32,174,421,134,65,223,356,461,33,399,238,50,247,318,467,141
1,1,2,2,1,1,2,1,1,1,2,1,2,2,1,2,1,2,1,1,2,1,2,2
1954
3
459,640,153,292,301,383,337,106,403,393,38,573,239,432,41,502,209,275,277,437,53,559,96,148,395,434,450,492
24,76,494,280,423,423,375,217,428,173,36,478,467,226,210,106,488,393,349,174,394,81,314,331,7,310,374,272
1,3,1,2,2,1,3,1,1,2,1,1,1,2,3,2,3,3,1,2,3,1,3,1,3,3,1,3
1234
3
304,397,196,211,240,128,229,105,12,79,111,163,374,249,359,55,8,106,331,45,306,271,234,212,390,301,368,119,335,291,148,99,49
85,418,312,215,429,98,92,144,71,1,422,25,212,132,217,248,429,431,358,325,461,128,388,28,105,177,49,253,212,215,460,156,391
2,1,1,1,2,2,2,2,1,1,2,1,1,3,1,2,1,3,1,3,2,2,1,1,2,1,1,1,1,1,1,3,2
1114
2
11,518,512,28,196,494,303,293,285,217,93,191,238,232,231,407,92,80,159,265,139,185,21,72,2,180,404,7,490,261,228,493,526,169
70,395,273,304,1,145,30,37,327,393,433,322,393,480,3,154,172,306,14,253,395,40,359,188,257,164,46,65,200,248,78,133,141,160
1,2,1,1,1,2,1,2,2,2,2,1,2,2,2,1,2,1,2,2,2,1,2,2,2,1,1,1,2,1,2,2,2,2
1975
3
233,206,227,583,274,353,305,462,50,59,287,205,35,396,485,481,399
487,437,364,337,332,276,29,46,312,274,209,407,173,269,25,83,187
2,3,3,3,3,3,1,3,3,1,2,1,2,2,3,1,2
1832
4
80,113,190,185,220,89,406,144,111,386,271,454,296,48,163,441,356,435,369,130,78,401,375,366,424,222,174,160,343,217,377,278,219,285,232,248,218,50
450,450,261,409,343,36,412,319,358,99,202,115,200,132,36,318,242,245,288,72,383,279,446,262,172,492,283,235,428,458,465,491,435,431,178,439,260,120
4,1,2,1,4,4,4,4,3,1,3,3,4,1,4,2,1,1,2,1,3,4,1,1,1,3,3,1,4,2,4,2,4,1,4,3,2,1
1789
3
161,379,375,214,545,164,412,155,133,38,165,479,141,159,108,60,456
113,126,351,351,344,474,430,485,97,135,284,295,60,245,16,12,129
3,1,2,1,2,3,1,2,1,3,3,3,2,1,1,3,1
1557
2
302,337,761,172,681,775,568,664,340,444,490,18,207,25,232,539,713,445,240,348,395,14,371,614,79,648,578,212,353,22,11,376
397,51,309,66,273,19,423,438,131,147,481,12,443,308,185,468,9,360,154,487,369,499,184,347,325,327,302,216,358,102,378,275
1,1,1,1,2,1,2,1,2,2,2,2,2,2,2,2,2,2,1,2,1,1,1,2,1,2,2,1,1,1,2,2
1735
4
205,225,38,252,70,171,107,292,212,317,282,376,58,325,28,38,243,384,421,380,316,269,253
84,52,259,437,24,185,406,221,483,141,62,188,115,103,417,279,258,74,122,40,497,11,214
4,2,2,1,1,2,2,1,4,1,2,3,4,2,1,3,3,2,4,3,4,3,3
