64 64
2
64
8
48 53
0;0;0;0;0;0;0;0;0;0;0;2;2;2M;2;2M;2M;2;2;2M;3;3;3;3M;3;3M;3;3;3;3;3;3;3;3;3;3;3;3M;3;3;3;3P;3;3;3;3;3;3;3;3;2;2M;2;2;2M;2;2;2M;2;2;2;2M;7P;7M
0;0;0;0;0;0;0;0;0;0;0;2;2;2M;2M;2;2;2M;2;2;3;3;3M;3M;3;3;3;3M;3;3;3;3P;3M;3;3;3;3;3;3M;3;3;3;3;3;3;3;3;3M;3;3;2;2;2;2;2;2;2M;2;2;2P;2;2;7;7
0;0;0;0;0;0;0;0;0;0;0;2;2;2;2;2M;2;2M;2;2;3;3;3;3;3;3;3;3M;3;3;3;3P;3;3;3;3;3M;3;3;3;3P;3;3;3;3M;3;3;3;3;3;2;2;2;2;2;2M;2;2;2;2;2M;2M;2;1
0;0;0;0;0;0;0;0;0;0;0;2;2;2;2;2;2;2;2M;2;3P;3M;3;3;3M;3;3;3;3;3M;3P;3;3M;3;3;3;3;3;3;3;3;3;3;3;3;3;3;3M;3P;3M;2M;2;2;2;2;2;2;2;2;2;2;2;2;1P
0;0;0;0;0;0;0;0;0;0;0;2;2;2;2M;2;2;2;2;2;3;3;3;3;3;3MP;3;3M;3;3;3;3M;3;3;3;3;3;3;3P;3;3M;3;3;3M;3;3M;3;3;3;3M;2M;2;2;2;2;2;2;2;2M;2;2;2M;2;1
0;0;0;0;0;0;0;0;0;0;0;2;2;2M;2;2;2;2;2M;2;3;3;3;3;3;3;3M;3;3M;3M;3;3;3;3;3;3;3;3;3;3;3;3;3;3;3;3P;3;3M;3;3M;2;2;2;2;2;2;2M;2;2;2M;2;2M;2;1
0;0;0;0;0;0;0;0;0;0;0;2;2;2;2MP;2;2;2;2;2;3;3;3M;3;3;3;3;3;3P;3;3;3;3;3M;3M;3;3;3M;3;3;3;3;3;3P;3;3;3;3P;3;3;2;2;2;2;2;2M;2M;2;2;2M;2;2M;2;1M
0;0;0;0;0;0;0;0;0;0;0;2;2;2;2;2;2;2;2;2;3;3;3;3;3M;3;3M;3;3;3;3;3P;3;3M;3;3;3M;3;3M;3;3M;3M;3P;3;3;3;3M;3;3;3;2;2;2;2;2;2;2;2M;2;2;2M;2;2;1M
0;0;0;0;0;0;0;0;0;0;0;2;2;2;2;2;2;2;2;2;3;3P;3;3;3M;3;3MP;3;3P;3;3;3;3;3;3;3M;3;3;3M;3;3M;3;3;3;3;3M;3;3;3;3;2;2;2M;2;2;2;2M;2M;2;2;2M;2M;2M;1P
0;0;0;0;0;0;0;0;0;0;0;2;2;2;2M;2M;2;2;2;2M;3;3;3;3;3;3;3;3P;3;3M;3M;3P;3;3;3;3M;3;3P;3;3;3;3M;3;3MP;3;3;3;3;3;3;2;2;2;2;2;2;2;2;2M;2;2M;2;2M;1
0;0;0;0;0;0;0;0;0;0;0;2;2;2;2;2;2;2;2M;2;3;3;3;3;3;3P;3;3;3;3M;3M;3;3;3;3M;3;3;3M;3;3M;3MP;3;3M;3;3;3M;3;3M;3;3;2;2;2;2;2;2;2M;2;2;2;2M;2;2;1
0;0;0;0;0;0;0;0;0;0;0;2;2;2;2;2;2;2;2;2;3;3;3;3M;3;3;3;3;3;3;3;3;3;3;3;3;3M;3;3;3;3;3M;3;3M;3;3M;3;3;3;3P;2;2;2;2;2;2M;2;2M;2;2;2;2M;2;1
0;0;0;0;0;0;0;0;0;0;0;2;2;2M;2;2;2;2;2;2;3;3M;3P;3;3M;3;3;3;3;3;3;3;3;3;3M;3;3M;3M;3;3;3M;3M;3M;3;3;3M;3P;3;3;3;2;2;2;2;2;2MP;2;2;2M;2;2M;2;2;1
0;0;0;0;0;0;0;0;0;0;0;2;2;2;2;2M;2;2M;2;2;3M;3;3;3;3;3P;3;3P;3M;3;3MP;3M;3;3;3;3M;3;3;3;3;3;3;3;3;3;3;3;3;3;3;2;2;2;2;2;2;2;2M;2;2M;2M;2;2;1
0;0;0;0;0;0;0;0;0;0;0;2;2M;2;2P;2;2M;2;2;2;3;3;3;3;3;3;3;3P;3;3;3;3P;3;3;3;3;3;3;3M;3;3;3;3;3;3;3;3;3M;3;3;2M;2;2;2;2;2;2;2P;2M;2;2;2M;2P;1
0;0;0;0;0;0;0;0;0;0;0;2;2;2;2P;2;2M;2;2;2;3;3;3P;3M;3;3;3;3;3M;3;3;3;3;3;3;3M;3;3;3;3;3;3;3;3M;3;3;3;3;3M;3M;2;2;2;2;2;2M;2;2M;2;2M;2;2P;2;1
0;0;0;0;0;0;0;0;0;0;0;2M;2;2;2;2;2;2M;2;2;3;3;3;3;3;3;3MP;3;3;3M;3;3;3;3;3;3;3;3;3M;3;3M;3M;3M;3;3;3M;3P;3M;3;3;2;2;2;2M;2;2;2;2;2;2MP;2M;2;2;1M
0;0;0;0;0;0;0;0;0;0;0;2M;2M;2;2;2;2;2;2;2;3;3;3;3;3;3;3;3;3;3;3;3;3M;3;3P;3;3P;3;3;3;3;3M;3;3;3;3;3M;3M;3M;3;2;2;2;2;2;2;2;2;2;2;2;2;2P;1M
0;0;0;0;0;0;0;0;0;0;0;2;2;2;2;2;2;2;2;2M;2M;2;2;2;2M;2;2;2;2;2;2;2;2;2M;2;2;2;2;2;2M;2M;2;2;2;2P;2;2;2;2M;2M;2;2;2;2;2M;2;2;2;2;2;2;2;2;1
0;0;0;0;0;0;0;0;0;0;0;2;2;2;2P;2;2;2;2;2;2M;2M;2;2M;2;2;2;2;2;2;2M;2M;2;2;2;2;2;2M;2;2;2;2;2;2;2;2;2;2;2;2;2M;2;2;2;2;2;2;2;2;2M;2;2;2;1
0;0;0;0;0;0;0;0;0;0;0;2M;2;2;2;2;2;2;2;2;2M;2;2M;2;2MP;2;2;2P;2;2;2;2;2;2;2;2;2;2;2;2;2;2;2;2;2;2;2;2;2M;2;2;2;2;2MP;2;2;2;2M;2;2;2;2;2;1
0;0;0;0;0;0;0;0;0;0;0;2P;2;2;2MP;2;2M;2;2M;2;2P;2;2M;2;2P;2;2;2;2;2;2;2P;2;2;2;2;2;2;2;2;2;2;2MP;2;2;2;2;2;2;2M;2;2;2;2M;2;2;2;2;2;2M;2;2;2;1
0;0;0;0;0;0;0;0;0;0;0;2;2M;2;2;2;2;2;2P;2;2M;2M;2;2;2;2;2;2;2M;2;2M;2;2;2;2;2;2P;2M;2;2;2M;2;2;2P;2M;2;2P;2M;2;2;2;2;2;2;2;2M;2;2P;2;2;2;2;2;1
0;0;0;0;0;0;0;0;0;0;0;2;2;2;2;2;2;2;2;2;2;2;2;2;2M;2;2;2;2M;2;2;2M;2M;2;2M;2;2M;2;2;2;2;2;2M;2;2M;2;2M;2P;2;2;2;2;2;2P;2;2M;2;2;2;2;2;2;2;1
0;0;0;0;0;0;0;0;0;0;0;2;2M;2;6;6;6;6;6;6M;6;6;6;6P;6P;6MP;2;2M;2M;2M;2M;2M;2P;2;2M;2;2MP;2M;2;2M;2M;2;2;2;2MP;2;2;2;2;2;2P;2;2;2M;2;2;2M;2;2;2;2;2;2;1M
0;0;0;0;0;0;0;0;0;0;0;2;2P;2;6;6M;6;6M;6M;6;6M;6;6;6;6M;6;2;2M;2;2;2;2;2;2;2;2;2P;2;2;2;2;2;2;2;2;2;2P;2M;2;2M;2;2;2M;2P;2;2;2;2;2;2;2M;2;2;1
0;0;0;0;0;0;0;0;0;0;0;2;2;2;6;6M;6;6;6;6M;6;6;6M;6;6;6;2MP;2;2;2;2;2M;2;2P;2M;2;2;2;2;2M;2;2;2;2;2M;2;2;2;2;2;2;2;2;2;2M;2;2M;2;2;2;2;2;2;1M
0;0;0;0;0;0;0;0;0;0;0;2M;2;2M;6;6;6;6;6M;6;6;6M;6;6;6;6;2;2;2;2;2;2;2;2M;2;2M;2P;2M;2;2;2;2;2P;2;2;2M;2;2;2;2;2;2;2;2M;2;2P;2;2;2;2;2;2M;2;1
0;0;0;0;0;0;0;0;0;0;0;2M;2P;2M;6;6;6;6M;6M;6M;6M;6;6;6P;6;6;2;2;2;2;2;2;2;2;2;2;2;2;2;2;2;2;2;2;2;2;2;2;2;2;2;2;2;2;2M;2;2MP;2;2;2;2M;2;2;1
0;0;0;0;0;0;0;0;0;0;0;2P;2M;2M;6;6;6;6;6;6M;6M;6;6;6MP;6M;6P;2M;2;2;2;2;2;2;2;2;2;2M;2;2;2;2M;2;2;2;2;2M;2;2;2;2;2;2;2;2;2;2;2;2;2M;2M;2;2;2;1
0;0;0;0;0;0;0;0;0;0;0;2;2;2P;6M;6;6;6;6;6;6;6;6M;6;6;6;2;2;2;2;2M;2;2;2;2;2;2;2;2;2;2P;2;2;2;2;2;2M;2;2;2;2;2;2;2;2;2;2M;2;2;2M;2;2;2;1
0;0;0;0;0;0;0;0;0;0;0;2M;2;2;6;6;6;6;6;6;6;6;6M;6;6M;6;2;2;2;2;2;2M;2;2M;2;2;2M;4P;4;4;4;4M;4;4;4;4;4;4M;4;4M;4;4;4M;4MP;4M;4M;4;4;4M;4;4;2M;2;1M
0;0;0;0;0;0;0;0;0;0;0;2M;2;2;6M;6;6M;6;6;6;6;6MP;6;6M;6;6;2;2M;2;2M;2M;2;2M;2;2;2;2;4;4P;4M;4M;4;4;4;4M;4M;4;4;4M;4;4P;4;4;4;4P;4;4;4;4;4;4;2;2;1M
0;0;0;0;0;0;0;0;0;0;0;2;2;2;6;6;6;6;6M;6;6;6M;6M;6;6M;6;2;2;2;2;2;2M;2;2;2M;2;2;4;4M;4;4;4M;4;4;4;4;4;4P;4;4M;4;4;4M;4M;4M;4M;4;4;4;4;4P;2;2;1
0;0;0;0;0;0;0;0;0;0;0;2;2;2;6;6;6;6M;6M;6;6;6;6;6;6P;6P;2;2;2;2;2;2P;2M;2M;2M;2;2;4;4;4;4;4;4;4;4;4;4;4M;4;4;4;4;4;4;4;4;4;4;4;4M;4;2;2;0
0;0;0;0;0;0;0;0;0;0;0;2;2;2;6;6;6;6;6M;6;6;6M;6;6;6;6;2;2;2;2;2;2;2;2;2;2;2;4;4;4P;4;4MP;4;4;4;4;4;4;4;4;4;4;4;4;4;4;4;4M;4;4;4;2;2;0
0;0;0;0;0;0;0;0;0;0;0;2;2;2;2;2;2;2M;2;2;2;2;2;2;2;2;2;2;2;2;2;2;2;2;2;2M;2;4;4;4;4M;4;4;4;4;4;4;4;4;4;4;4;4;4;4;4;4;4;4;4;4;2M;2P;0
0;0;0;0;0;0;0;0;0;0;0;2M;2;2;2;2;2;2M;2;2;2;2P;2M;2;2;2;2;2M;2M;2M;2;2;2;2;2;2;2;4;4;4;4M;4;4;4;4;4;4;4;4;4;4;4;4P;4;4;4;4;4;4;4;4;2;2;0
0;0;0;0;0;0;0;0;0;0;0;2;2M;2;2P;2M;2;2;2;2;2;2;2;2;2;2;2;2;2;2M;2M;2;2;2;2;2;2;4;4;4;4;4;4;4;4;4M;4M;4;4;4M;4;4M;4;4;4;4;4;4;4;4;4M;2M;2;0
0;0;0;0;0;0;0;0;0;0;0;2;2M;2;2M;2;2;2M;2;2;2;2;2;2;2;2;2M;2;2;2;2;2;2;2;2P;2;2;4;4;4M;4;4;4;4;4P;4;4;4M;4;4M;4;4;4;4;4;4;4;4;4;4;4;2;2M;0
0;0;0;0;0;0;0;0;0;0;0;2;2M;2;2M;2;2;2;2;2;2;2;2M;2P;2;2M;2;2;2P;2;2;2M;2;2P;2;2M;2M;4;4;4;4;4;4;4;4M;4;4;4;4M;4M;4P;4;4M;4;4;4;4M;4M;4;4;4;2;2;0
0;0;0;0;0;0;0;0;0;0;0;2;2P;2;2;2;2M;2;2;2;2;2M;2;2;2;2;2;2;2;2P;2M;2;2M;2;2;2;2;4;4;4P;4;4P;4;4M;4;4;4;4;4;4;4;4;4;4;4M;4;4;4M;4M;4;4;2;2;0
0;0;0;0;0;0;0;0;0;0;0;2;2;2;2;2;2M;2;2M;2P;2;2;2;2;2;2;2;2;2M;2;2;2;2;2;2M;2P;2;4;4;4;4;4M;4;4;4;4M;4;4;4M;4;4;4;4;4P;4;4;4;4;4;4;4M;2;2;0
0;0;0;0;0;0;0;0;0;0;0;2;2;2M;2;2;2;2;2;2;2;2;2;2;2;2;2P;2;2M;2;2M;2;2M;2M;2;2;2;4;4;4;4;4;4;4M;4P;4;4;4M;4;4P;4;4;4P;4;4;4;4;4;4;4;4;2;2;0
0;0;0;0;0;0;0;0;0;0;0;2;2;2;2;2;2M;2;2;2;2;2M;2;2;2;2;2;2;2P;2;2;2M;2;2;2;2;2;4;4;4;4;4;4;4;4;4M;4;4;4;4P;4M;4;4;4M;4;4;4;4;4;4P;4P;2M;2;0
0;0;0;0;0;0;0;0;0;0;0;2;2;2;2;2;2M;2M;2M;2;2;2;2;2M;2;2M;2M;2P;2P;2M;2;2;2;2M;2M;2;2P;4;4;4;4;4;4;4;4;4;4;4;4;4;4;4;4;4;4;4;4P;4P;4P;4;4;2;2;0
0;0;0;0;0;0;0;0;0;0;0;2;2M;2;2;2;2;2;2;2;2;2;2;2M;2;2;2;2M;2;2M;2;2;2;2;2;2;2;4;4;4;4M;4;4M;4;4;4M;4;4;4;4P;4M;4;4;4;4;4;4;4M;4;4;4M;2;2;0
0;0;0;0;0;0;0;0;0;0;0;2M;2;2;2;2;2;2;2;2;2;2;2;2;2;2;2;2;2;2;2M;2;2;2;2;2;2;4M;4;4;4;4P;4;4M;4;4;4;4M;4;4;4M;4;4;4;4M;4;4M;4;4;4;4;2;2;0
0;0;0;0;0;0;0;0;0;0;0;2;2;2;2M;2;2;2M;2;2;2;2M;2;2;2;2;2;2;2;2;2;2;2;2;2;2;2;4;4;4;4M;4;4;4;4;4;4M;4M;4;4M;4;4MP;4;4T;4M;4;4;4;4;4;4M;2;2M;0
0;0;0;0;0;0;0;0;0;0;0;2;2;2;2;2;2M;2;2;2;2M;2;2M;2;2M;2;2;2;2M;2;2;2;2;2;2;2;2;4;4;4;4;4M;4;4;4;4;4;4;4;4M;4;4;4M;4;4;4;4;4;4;4P;4;2;2M;0
0;0;0;0;0;0;0;0;0;0;0;0;0;0;0;0;0;0;0;0;0;0;0;0;0;0;0;0;0;0;0;0;0;0;0;0;0;4;4;4M;4;4P;4;4;4;4;4M;4;4;4;4;4;4;4;4;4;4;4;4;4;4;0;0;0
0;0;0;0;0;0;0;0;0;0;0;0;0;0;0;0;0;0;0;0;0;0;0;0;0;0;0;0;0;0;0;0;0;0;0;0;0;4M;4;4;4;4;4;4;4;4;4;4;4;4;4;4;4;4;4;4;4;4;4;4;4M;0;0;0
0;0;0;0;0;0;0;0;0;0;0;0;0;0;0;0;0;0;0;0;0;0;0;0;0;0;0;0;0;0;0;0;0;0;0;0;0;4;4;4;4M;4;4;4;4;4;4;4;4;4M;4;4;4;4;4M;4;4M;4;4;4;4;0;0;0
0;0;0;0;0;0;0;0;0;0;0;0;0;0;0;0;0;0;0;0;0;0;0;0;0;0;0;0;0;0;0;0;0;0;0;0;0;4;4P;4;4;4;4M;4M;4;4;4;4;4;4;4;4M;4;4;4;4P;4;4;4;4;4;0;0;0
0;0;0;0;0;0;0;0;0;0;0;0;0;0;0;0;0;0;0;0;0;0;0;0;0;0;0;0;0;0;0;0;0;0;0;0;0;4;4;4M;4;4;4M;4P;4;4;4M;4;4;4;4M;4P;4M;4;4;4;4;4;4;4;4;0;0;0
0;0;0;0;0;0;0;0;0;0;0;0;0;0;0;0;0;0;0;0;0;0;0;0;0;0;0;0;0;0;0;0;0;0;0;0;0;0;0;0;0;0;0;0;5;5;5;5;5;5;5;5;5;5;5P;5;5;5P;0;0;0;0;0;0
0;0;0;0;0;0;0;0;0;0;0;0;0;0;0;0;0;0;0;0;0;0;0;0;0;0;0;0;0;0;0;0;0;0;0;0;0;0;0;0;0;0;0;0;5;5;5P;5;5;5;5M;5;5;5M;5;5M;5P;5;0;0;0;0;0;0
0;0;0;0;0;0;0;0;0;0;0;0;0;0;0;0;0;0;0;0;0;0;0;0;0;0;0;0;0;0;0;0;0;0;0;0;0;0;0;0;0;0;0;0;5;5;5;5;5;5;5;5;5M;5;5;5;5;5;0;0;0;0;0;0
0;0;0;0;0;0;0;0;0;0;0;0;0;0;0;0;0;0;0;0;0;0;0;0;0;0;0;0;0;0;0;0;0;0;0;0;0;0;0;0;0;0;0;0;5;5;5;5M;5;5;5;5;5;5;5;5P;5;5;0;0;0;0;0;0
0;0;0;0;0;0;0;0;0;0;0;0;0;0;0;0;0;0;0;0;0;0;0;0;0;0;0;0;0;0;0;0;0;0;0;0;0;0;0;0;0;0;0;0;5;5;5;5;5;5;5;5;5;5;5M;5;5;5M;0;0;0;0;0;0
0;0;0;0;0;0;0;0;0;0;0;0;0;0;0;0;0;0;0;0;0;0;0;0;0;0;0;0;0;0;0;0;0;0;0;0;0;0;0;0;0;0;0;0;5;5;5;5M;5M;5;5M;5M;5M;5;5M;5;5M;5M;0;0;0;0;0;0
0;0;0;0;0;0;0;0;0;0;0;0;0;0;0;0;0;0;0;0;0;0;0;0;0;0;0;0;0;0;0;0;0;0;0;0;0;0;0;0;0;0;0;0;5M;5;5;5;5;5;5;5;5;5;5;5;5;5;0;0;0;0;0;0
0;0;0;0;0;0;0;0;0;0;0;0;0;0;0;0;0;0;0;0;0;0;0;0;0;0;0;0;0;0;0;0;0;0;0;0;0;0;0;0;0;0;0;0;5M;5;5;5;5;5P;5;5;5;5;5;5;5;5;0;0;0;0;0;0
0;0;0;0;0;0;0;0;0;0;0;0;0;0;0;0;0;0;0;0;0;0;0;0;0;0;0;0;0;0;0;0;0;0;0;0;0;0;0;0;0;0;0;0;5;5;5;5;5;5;5;5;5;5;5;5M;5;5M;0;0;0;0;0;0
